object fmMSG2: TfmMSG2
  Left = 570
  Top = 268
  Width = 372
  Height = 264
  Caption = #1055#1077#1088#1080#1086#1076
  Color = clBtnFace
  Font.Charset = DEFAULT_CHARSET
  Font.Color = clWindowText
  Font.Height = -11
  Font.Name = 'MS Sans Serif'
  Font.Style = []
  OldCreateOrder = False
  PixelsPerInch = 96
  TextHeight = 13
  object Label1: TLabel
    Left = 40
    Top = 48
    Width = 37
    Height = 13
    Caption = #1053#1072#1095#1072#1083#1086
  end
  object Label2: TLabel
    Left = 40
    Top = 88
    Width = 31
    Height = 13
    Caption = #1050#1086#1085#1077#1094
  end
  object DateTimePicker1: TDateTimePicker
    Left = 112
    Top = 40
    Width = 186
    Height = 21
    Date = 43984.700022800930000000
    Time = 43984.700022800930000000
    TabOrder = 0
  end
  object DateTimePicker2: TDateTimePicker
    Left = 112
    Top = 88
    Width = 186
    Height = 21
    Date = 43984.700066365740000000
    Time = 43984.700066365740000000
    TabOrder = 1
  end
  object BitBtn1: TBitBtn
    Left = 80
    Top = 160
    Width = 75
    Height = 25
    TabOrder = 2
    Kind = bkOK
  end
  object BitBtn2: TBitBtn
    Left = 192
    Top = 160
    Width = 75
    Height = 25
    TabOrder = 3
    Kind = bkCancel
  end
end
