object fmMSG4: TfmMSG4
  Left = 375
  Top = 383
  Width = 384
  Height = 248
  Caption = #1047#1072#1076#1072#1081#1090#1077' '#1087#1077#1088#1080#1086#1076
  Color = clBtnFace
  Font.Charset = DEFAULT_CHARSET
  Font.Color = clWindowText
  Font.Height = -11
  Font.Name = 'MS Sans Serif'
  Font.Style = []
  OldCreateOrder = False
  PixelsPerInch = 96
  TextHeight = 13
  object Label1: TLabel
    Left = 48
    Top = 32
    Width = 37
    Height = 13
    Caption = #1053#1072#1095#1072#1083#1086
  end
  object Label2: TLabel
    Left = 48
    Top = 72
    Width = 31
    Height = 13
    Caption = #1050#1086#1085#1077#1094
  end
  object DateTimePicker1: TDateTimePicker
    Left = 136
    Top = 32
    Width = 186
    Height = 21
    Date = 43985.551049560180000000
    Time = 43985.551049560180000000
    TabOrder = 0
  end
  object DateTimePicker2: TDateTimePicker
    Left = 136
    Top = 72
    Width = 186
    Height = 21
    Date = 43985.551056215280000000
    Time = 43985.551056215280000000
    TabOrder = 1
  end
  object BitBtn1: TBitBtn
    Left = 72
    Top = 136
    Width = 75
    Height = 25
    TabOrder = 2
    Kind = bkOK
  end
  object BitBtn2: TBitBtn
    Left = 216
    Top = 136
    Width = 75
    Height = 25
    TabOrder = 3
    Kind = bkCancel
  end
end
