object fmMSG7: TfmMSG7
  Left = 192
  Top = 125
  Width = 333
  Height = 283
  Caption = #1042#1099#1073#1086#1088' '#1082#1072#1090#1077#1075#1086#1088#1080#1080
  Color = clBtnFace
  Font.Charset = DEFAULT_CHARSET
  Font.Color = clWindowText
  Font.Height = -11
  Font.Name = 'MS Sans Serif'
  Font.Style = []
  OldCreateOrder = False
  PixelsPerInch = 96
  TextHeight = 13
  object CheckBox1: TCheckBox
    Left = 80
    Top = 24
    Width = 97
    Height = 17
    Caption = #1047#1072' '#1074#1077#1089#1100' '#1087#1077#1088#1080#1086#1076
    TabOrder = 0
  end
  object BitBtn1: TBitBtn
    Left = 56
    Top = 144
    Width = 75
    Height = 25
    TabOrder = 1
    Kind = bkOK
  end
  object BitBtn2: TBitBtn
    Left = 184
    Top = 144
    Width = 75
    Height = 25
    TabOrder = 2
    Kind = bkCancel
  end
  object DateTimePicker1: TDateTimePicker
    Left = 72
    Top = 64
    Width = 186
    Height = 21
    Date = 43986.077525092590000000
    Time = 43986.077525092590000000
    TabOrder = 3
  end
  object DateTimePicker2: TDateTimePicker
    Left = 72
    Top = 104
    Width = 186
    Height = 21
    Date = 43986.077533229170000000
    Time = 43986.077533229170000000
    TabOrder = 4
  end
end
